  CYCLE= 217001     ITER= 10000     RRMAX=  0.00000E+00     EPSI=  0.00000E+00
  TIME=   1.00000E+10    CYCLE= 217001
 END KEKKA
